259
316
427
167
38
459
365
482
293
34
434
308
285
117
41
75
164
28
15
174
272
19
95
287
487
443
56
371
69
275
493
438
262
157
91
163
399
121
285
170
243
164
278
372
380
122
380
330
209
469
460
289
34
69
399
240
221
141
180
94
404
494
413
18
41
495
46
128
26
377
175
44
243
345
431
109
240
222
406
365
64
225
163
99
315
204
405
194
258
351
441
259
440
191
265
248
251
261
332
384
L 50 666 0
L 66 653 0
E 9 526 137
E 58 899 499
E 46 676 30
L 66 677 0
L 40 703 0
L 18 722 0
E 34 823 416
E 20 362 80
E 36 729 479
L 4 647 0
L 62 804 0
L 66 665 0
L 79 490 0
L 43 369 0
L 93 721 0
L 88 330 0
E 32 403 417
L 11 894 0
L 58 568 0
L 76 456 0
L 78 754 0
L 62 892 0
L 21 844 0
L 86 324 0
E 42 328 219
L 99 311 0
L 60 513 0
L 74 653 0
L 80 688 0
L 98 768 0
E 78 892 266
E 84 805 395
E 45 379 428
L 87 810 0
L 16 497 0
L 21 424 0
L 6 696 0
L 66 675 0
E 88 692 418
L 50 681 0
L 83 815 0
L 96 668 0
L 80 885 0
L 67 423 0
L 22 525 0
L 2 419 0
E 96 849 291
E 93 374 84
L 2 620 0
L 38 740 0
L 98 491 0
L 15 747 0
E 33 717 494
E 33 392 309
E 27 835 482
L 87 594 0
E 98 799 23
L 23 694 0
L 28 481 0
L 71 727 0
L 68 341 0
E 30 587 115
E 62 590 410
L 30 836 0
L 67 320 0
L 86 464 0
L 35 686 0
L 68 884 0
L 5 475 0
L 95 841 0
L 54 628 0
E 52 347 249
E 45 657 310
E 98 482 132
L 31 776 0
L 66 502 0
L 58 333 0
L 55 790 0
L 9 391 0
E 59 879 154
L 61 744 0
L 66 535 0
L 11 723 0
L 75 858 0
L 54 361 0
L 40 493 0
E 71 464 348
E 72 661 364
L 85 314 0
E 46 442 196
E 8 575 198
L 92 367 0
L 18 787 0
L 98 828 0
L 32 847 0
L 14 804 0
L 55 817 0
E 23 410 366
L 10 789 0
E 28 895 119
E 27 776 295
L 19 393 0
E 61 477 267
E 86 403 146
E 13 697 365
L 37 790 0
L 45 832 0
L 47 892 0
L 90 540 0
E 50 484 490
L 93 536 0
L 93 824 0
L 91 310 0
L 39 765 0
L 12 753 0
L 42 432 0
E 32 455 32
L 59 553 0
L 37 553 0
L 8 579 0
L 53 510 0
L 79 784 0
L 68 722 0
L 91 690 0
L 41 682 0
E 59 582 118
E 41 429 322
L 61 449 0
L 6 320 0
L 66 427 0
E 64 502 193
E 90 831 304
L 85 857 0
L 39 614 0
E 21 720 37
L 10 301 0
L 58 665 0
E 78 795 239
E 38 766 17
E 80 799 202
L 68 649 0
L 14 328 0
L 36 619 0
L 74 619 0
L 3 561 0
E 54 802 445
E 9 560 320
E 54 325 477
L 8 661 0
E 85 606 454
E 52 364 287
E 41 314 262
L 84 623 0
L 6 692 0
L 70 704 0
L 35 581 0
L 55 404 0
L 99 448 0
L 98 651 0
L 29 506 0
E 26 774 225
E 46 659 490
L 19 812 0
L 62 435 0
E 45 313 356
E 1 864 26
L 37 891 0
L 83 520 0
L 59 638 0
L 53 557 0
L 93 664 0
E 32 438 381
E 18 391 118
L 42 444 0
E 84 576 425
E 5 380 22
L 15 468 0
E 4 620 368
L 40 552 0
L 42 812 0
L 90 339 0
L 55 473 0
L 58 499 0
L 30 896 0
L 66 464 0
L 87 586 0
E 51 785 497
E 53 614 493
E 31 577 260
L 27 690 0
L 37 585 0
L 78 596 0
L 79 765 0
E 81 432 260
E 17 304 276
E 87 611 375
L 38 792 0
L 28 781 0
E 53 735 371
L 88 560 0
L 10 535 0
L 38 676 0
L 27 683 0
E 85 607 251
L 49 384 0
L 66 733 0
L 99 680 0
L 98 887 0
L 64 581 0
L 56 493 0
L 13 670 0
E 84 355 471
E 6 750 175
E 89 477 353
L 13 628 0
L 73 847 0
L 66 697 0
L 23 682 0
L 51 493 0
L 14 382 0
L 56 623 0
E 75 577 117
L 54 341 0
L 24 306 0
L 27 774 0
L 11 848 0
L 44 750 0
L 52 662 0
L 84 876 0
L 89 816 0
E 25 339 490
L 32 711 0
L 62 476 0
L 85 726 0
L 52 542 0
L 97 897 0
L 88 696 0
L 33 398 0
E 88 622 230
E 12 631 374
E 79 832 494
L 29 406 0
L 66 706 0
L 0 602 0
L 39 451 0
L 16 430 0
L 38 671 0
E 41 348 293
E 51 586 377
E 63 865 256
L 13 885 0
L 54 775 0
L 94 556 0
L 5 620 0
L 79 683 0
L 57 636 0
L 53 817 0
E 96 594 246
E 40 402 473
E 37 459 411
L 4 880 0
E 31 379 177
L 78 528 0
L 52 721 0
L 45 727 0
L 45 794 0
L 10 709 0
L 58 887 0
L 13 814 0
E 72 770 255
E 26 385 267
L 85 758 0
L 70 736 0
L 75 841 0
E 81 433 332
E 28 780 388
L 33 313 0
L 50 767 0
E 58 340 132
L 28 709 0
L 18 596 0
L 24 572 0
L 80 821 0
L 21 444 0
L 44 617 0
L 76 896 0
E 96 629 182
E 28 576 460
E 69 503 41
L 38 756 0
L 0 590 0
L 10 870 0
L 27 651 0
E 42 326 285
E 40 430 182
E 41 777 37
L 33 673 0
L 56 317 0
L 78 791 0
L 49 431 0
L 78 782 0
E 59 505 51
E 9 812 346
E 80 531 56
L 16 865 0
L 78 643 0
L 68 534 0
E 14 853 21
L 62 767 0
L 74 762 0
E 73 432 332
E 61 739 247
E 78 366 414
L 46 484 0
L 36 702 0
L 61 545 0
L 96 462 0
L 16 708 0
L 77 574 0
E 42 509 37
L 76 743 0
L 97 638 0
L 35 497 0
L 3 876 0
L 58 733 0
L 50 634 0
L 67 396 0
E 74 890 462
E 83 770 127
E 42 730 329
L 57 354 0
L 4 465 0
L 12 441 0
L 26 695 0
L 63 312 0
E 85 382 55
E 97 497 355
L 68 576 0
E 49 611 50
E 71 366 252
E 51 472 302
L 2 487 0
L 5 768 0
L 23 892 0
E 45 591 120
E 89 321 70
E 30 832 423
L 85 573 0
L 54 530 0
L 3 418 0
L 79 348 0
L 57 866 0
L 56 308 0
L 73 747 0
E 3 708 176
E 54 349 165
L 34 314 0
L 58 419 0
L 22 789 0
L 45 528 0
L 79 795 0
L 26 714 0
E 83 337 477
E 98 369 131
L 66 326 0
L 12 563 0
L 75 595 0
L 52 301 0
L 45 872 0
L 34 758 0
E 11 368 260
E 80 799 487
L 62 414 0
L 15 741 0
L 74 324 0
L 8 623 0
L 97 735 0
L 36 557 0
L 82 678 0
L 7 478 0
E 14 567 364
E 29 573 461
E 83 590 251
L 54 730 0
L 54 392 0
E 13 470 39
L 89 532 0
L 69 727 0
L 40 892 0
L 3 739 0
E 91 865 426
E 3 789 309
L 38 447 0
L 68 399 0
L 26 487 0
L 25 448 0
L 83 622 0
L 82 556 0
E 20 473 269
E 55 659 203
L 45 739 0
L 32 481 0
L 42 413 0
L 24 641 0
L 55 512 0
E 90 854 248
E 77 836 298
L 20 648 0
L 13 565 0
L 87 822 0
L 16 662 0
L 15 532 0
L 62 543 0
L 29 562 0
L 41 364 0
E 65 854 192
L 7 339 0
L 68 712 0
L 48 315 0
L 91 602 0
L 7 561 0
L 39 864 0
E 39 795 188
E 1 812 225
L 81 318 0
L 85 867 0
E 5 343 245
L 29 369 0
L 96 426 0
L 17 377 0
L 51 571 0
L 75 538 0
L 84 447 0
L 10 350 0
E 22 578 327
E 4 651 365
E 19 780 237
L 92 329 0
L 20 742 0
E 42 872 215
E 68 769 160
L 73 583 0
L 26 486 0
L 92 453 0
L 45 663 0
E 71 867 453
E 71 713 201
E 2 842 44
L 31 597 0
E 24 347 155
E 71 432 487
E 89 790 206
L 63 781 0
L 73 409 0
L 78 464 0
E 93 507 433
E 35 421 52
E 29 312 422
L 92 614 0
E 68 303 465
E 76 434 92
L 20 320 0
E 71 344 153
E 64 465 457
L 21 445 0
L 62 468 0
L 16 881 0
L 62 664 0
L 4 886 0
L 1 716 0
L 37 872 0
L 96 475 0
E 62 676 435
E 96 874 300
E 27 659 451
L 15 469 0
L 89 575 0
L 2 364 0
L 89 780 0
L 68 836 0
L 32 610 0
L 3 481 0
E 17 423 495
L 65 616 0
L 75 768 0
L 49 313 0
L 64 325 0
L 98 457 0
E 35 708 130
E 10 585 162
L 51 893 0
L 58 591 0
E 27 539 246
L 59 641 0
E 77 535 142
E 8 447 169
E 39 601 201
L 37 338 0